0,273
0,270
3,2
3,1
3,3
10,145
10,195
10,315
10,227
10,303
10,193
10,183
10,103
11,9
11,4
11,14
11,17
11,6
9,5
9,2
9,3
8,4
8,8
8,17
8,2
8,3
2,2
2,1
2,3
78,5
78,4
78,3
78,2
78,1
78,0
76,5
76,4
76,3
76,2
76,1
76,0
72,4
72,3
72,2
72,1
72,0
65,5
65,4
65,3
65,2
65,1
65,0
63,5
63,4
63,3
63,2
63,1
63,0
61,5
61,4
61,3
61,2
61,1
61,0
58,3
58,2
58,1
58,0
56,4
56,3
56,2
56,1
56,0
55,4
55,3
55,2
55,1
55,0
54,4
54,3
54,2
54,1
54,0
53,4
53,3
53,2
53,1
53,0
51,5
51,4
51,3
51,2
51,1
51,0
48,5
48,4
48,1
38,4
38,3
38,1
30,3
30,1
20,3
20,2
20,1
19,3
19,2
19,1
18,3
18,1
14,6
14,5
14,4
14,3
14,1
13,3
13,1
